((("cube" .
   [1 0 0 0])
  ("Square" .
   [2 0 0 0 0 0])
  ("square" .
   [4 0 0 0 0 0])
  ("_length" .
   [2 0 0 0 0 0 0])
  ("_lenght" .
   [1 0 0 0 0 0 0])
  ("length" .
   [2 0 0 0 0 0])
  ("self" .
   [10 0 0 0])
  ("sys" .
   [1 0 0])
  ("argvs" .
   [2 0 0 0 0])
  ("search_word" .
   [1 0 0 0 0 0 1 0 0 0 0])
  ("cmd" .
   [1 0 0])
  ("search" .
   [2 0 0 0 0 0])
  ("plane" .
   [2 0 0 0 0])
  ("group" .
   [6 0 0 0 0])
  ("url" .
   [11 0 0])
  ("text" .
   [3 0 0 0])
  ("slice_url" .
   [1 0 0 0 0 0 0 0 0])
  ("main" .
   [1 0 0 0])
  ("models" .
   [2 0 0 0 0 0])
  ("contents" .
   [2 0 0 0 0 0 0 0])
  ("amount" .
   [2 0 0 0 0 0])
  ("arra" .
   [1 0 0 0])
  ("Post" .
   [2 0 0 0])
  ("mai" .
   [1 0 0])
  ("array9" .
   [2 0 0 0 0 0])
  ("arrau" .
   [2 0 0 0 0])
  ("$uses" .
   [1 0 0 0 0])
  ("publoc" .
   [1 0 0 0 0 0])
  ("pub" .
   [1 0 0])
  ("pib" .
   [1 0 0])
  ("AppShell" .
   [1 0 0 0 0 0 0 0])
  ("extend" .
   [1 0 0 0 0 0])
  ("TestShell" .
   [1 0 0 0 0 0 0 0 0])
  ("clas" .
   [1 0 0 0])
  ("read" .
   [1 0 0 0])
  ("Session" .
   [1 0 0 0 0 0 0])
  ("setResponse" .
   [1 0 0 0 0 0 0 0 0 0 1])
  ("check" .
   [3 0 0 0 0])
  ("functio" .
   [3 0 0 0 0 0 0])
  ("publi" .
   [4 0 0 0 0])
  ("getPoint" .
   [2 0 0 0 0 0 0 0])
  ("getCurrent" .
   [1 0 0 0 0 0 0 0 0 0])
  ("name" .
   [2 0 0 0])
  ("String" .
   [1 0 0 0 0 0])
  ("terpsi" .
   [1 0 0 0 0 0])
  ("TERPSI" .
   [1 0 0 0 0 0])
  ("setq" .
   [1 0 0 0])
  ("hoge" .
   [2 0 0 0])
  ("script" .
   [2 0 0 0 0 0])
  ("hgoe" .
   [1 0 0 0])
  ("file_get_contents" .
   [0 0 0 0 0 0 0 1 0 0 0 0 0 0 0 0 0])
  ("file_g" .
   [1 0 0 0 0 0])
  ("get" .
   [1 0 0])
  ("filege" .
   [1 0 0 0 0 0])
  ("fil" .
   [3 0 0])
  ("php" .
   [2 0 0])
  ("report_REP0000000055404_20140817170844/18113201_a8113201_01_F04/F04.java" .
   [0 0 0 0 0 0 0 0 0 0 0 0 0 0 0 0 0 0 0 0 0 0 0 0 0 0 0 0 0 0 0 0 0 0 0 0 0 0 0 0 0 0 0 0 0 0 0 0 0 0 0 0 0 0 0 0 0 0 0 0 0 0 0 0 1 0 0 0 0 0 0 0])
  ("report_REP0000000055404_20140817170844/18113062_a8113062_01_F04/F05.java" .
   [1 0 0 0 0 0 0 0 0 0 0 0 0 0 0 0 0 0 0 0 0 0 0 0 0 0 0 0 0 0 0 0 0 0 0 0 0 0 0 0 0 0 0 0 0 0 0 0 0 0 0 0 0 0 0 0 0 0 0 0 0 0 0 0 0 0 0 0 0 0 0 0])
  ("report_REP0000000055404_20140817170844/18113018_a8113018_01_F04/F05.java" .
   [1 0 0 0 0 0 0 0 0 0 0 0 0 0 0 0 0 0 0 0 0 0 0 0 0 0 0 0 0 0 0 0 0 0 0 0 0 0 0 0 0 0 0 0 0 0 0 0 0 0 0 0 0 0 0 0 0 0 0 0 0 0 0 0 0 0 0 0 0 0 0 0])
  ("report_REP0000000055404_20140817170844/18113010_a8113010_01_F04/F05.java" .
   [1 0 0 0 0 0 0 0 0 0 0 0 0 0 0 0 0 0 0 0 0 0 0 0 0 0 0 0 0 0 0 0 0 0 0 0 0 0 0 0 0 0 0 0 0 0 0 0 0 0 0 0 0 0 0 0 0 0 0 0 0 0 0 0 0 0 0 0 0 0 0 0])
  ("report_REP0000000055404_20140817170844/18113201_a8113201_01_F04/F05.java" .
   [0 0 0 0 0 0 0 0 0 0 0 0 0 0 0 0 0 0 0 0 0 0 0 0 0 0 0 0 0 0 0 0 0 0 0 0 0 0 0 1 0 0 0 0 0 0 0 0 0 0 0 0 0 0 0 0 0 0 0 0 0 0 0 0 0 0 0 0 0 0 0 0])
  ("$hoge" .
   [1 0 0 0 0])
  ("$where" .
   [1 0 0 0 1 0])
  ("view_count" .
   [0 0 0 1 0 0 0 0 0 0])
  ("NULL" .
   [1 0 0 0])
  ("$id" .
   [2 0 0])
  ("getProductViewCount" .
   [3 0 0 0 0 0 2 0 0 0 0 0 0 0 0 0 0 0 0])
  ("$ikemen" .
   [1 0 0 0 0 0 1])
  ("voice_member_id" .
   [0 0 0 0 0 1 1 0 0 0 0 0 0 0 0])
  ("$objQuery" .
   [0 0 0 0 0 1 0 0 0])
  ("$postData" .
   [1 0 0 0 0 0 0 0 0])
  ("$mode" .
   [1 0 0 0 0])
  ("$from" .
   [4 0 0 0 1])
  ("flymake-php-load" .
   [0 0 0 0 0 0 0 0 1 0 0 0 0 0 0 0])
  ("php-mode-hook" .
   [0 0 0 0 0 0 0 0 0 0 1 0 0])
  ("add-hook" .
   [0 0 0 1 0 0 0 0])
  ("$result" .
   [3 0 0 0 0 0 0])
  ("$output" .
   [1 0 0 0 0 0 0])
  ("$post_data" .
   [1 0 0 0 0 0 0 0 0 0])
  ("true" .
   [3 0 0 0])
  ("profiling" .
   [1 0 0 0 0 0 0 0 0])
  ("$post" .
   [1 0 0 0 0])
  ("false" .
   [1 0 0 0 0])
  ("Sent" .
   [1 0 0 0])
  ("post" .
   [4 0 0 0])
  ("sent_body" .
   [2 0 0 0 0 0 0 0 0])
  ("message" .
   [1 0 0 0 0 0 0])
  ("telephone_number" .
   [1 0 0 0 0 0 0 0 0 0 0 0 0 0 0 0])
  ("$message_detail" .
   [12 0 0 0 0 0 0 0 0 1 0 0 0 0 0])
  ("find" .
   [2 0 0 0])
  ("$data" .
   [7 0 0 0 0])
  ("message_status_id" .
   [1 0 0 0 0 0 0 0 0 0 0 0 0 0 0 0 0])
  ("d" .
   [2])
  ("select" .
   [1 0 0 0 0 0])
  ("i" .
   [3])
  ("getMessage" .
   [3 0 0 0 0 0 0 0 0 0])
  ("m" .
   [2])
  ("$that" .
   [10 0 0 0 0])
  ("is_null" .
   [0 0 2 0 0 0 1])
  ("null" .
   [2 0 0 0])
  ("$message" .
   [22 0 0 0 0 0 0 0])
  ("$self" .
   [24 0 0 0 1])
  ("transaction" .
   [2 0 0 0 0 0 0 0 0 0 0])
  ("$func" .
   [6 0 0 0 0])
  ("s" .
   [2])
  ("Exception" .
   [1 0 0 0 0 0 0 0 0])
  ("$e" .
   [3 0])
  ("tr" .
   [1 0])
  ("use_api" .
   [1 0 0 0 0 0 0])
  ("$this" .
   [30 0 0 0 0])
  ("global-set-key" .
   [1 0 0 0 0 0 0 0 0 0 0 0 0 1])
  ("get_numbers_from_ids" .
   [1 0 0 0 0 0 0 0 0 0 0 0 0 0 0 0 0 0 0 0])
  ("as_array" .
   [1 0 0 0 0 0 0 0])
  ("$list" .
   [2 0 0 0 0])
  ("id" .
   [5 0])
  ("$lists" .
   [1 0 0 0 0 0])
  ("action_index" .
   [1 0 0 0 0 0 0 0 0 0 0 0])
  ("web-mode-hook" .
   [0 0 0 0 0 0 0 0 0 0 0 1 0])
  ("php-fpm" .
   [1 0 0 0 0 0 0])
  ("-classpath" .
   [0 0 1 0 0 0 0 0 0 0])
  ("testA32_1" .
   [0 0 0 0 0 1 0 0 0])
  ("$_GET" .
   [1 0 0 0 0])
  ("asdjfals" .
   [1 0 0 0 0 0 0 0])
  ("adifoa" .
   [1 0 0 0 0 0])
  ("hdfhka" .
   [1 0 0 0 0 0])
  ("out" .
   [2 0 0])
  ("print" .
   [22 0 0 0 0])
  ("hello" .
   [1 0 0 0 0])
  ("chomp" .
   [4 0 0 0 0])
  ("my" .
   [5 0])
  ("num" .
   [3 0 0])
  ("STDIN" .
   [1 0 0 0 0])
  ("input" .
   [3 0 0 0 0])
  ("foods" .
   [3 0 0 1 1])
  ("scalar" .
   [1 0 0 1 0 0])
  ("rand" .
   [3 0 0 0])
  ("while" .
   [1 0 0 0 0])
  ("first_rand" .
   [0 0 0 1 0 0 0 0 1 0])
  ("second_rand" .
   [0 0 1 0 0 0 2 0 0 0 0])
  ("isse" .
   [1 0 0 0])
  ("request" .
   [1 0 0 0 0 0 0])
  ("truea" .
   [1 0 0 0 0])
  ("parent" .
   [1 0 0 0 0 0])
  ("beforeFilter" .
   [1 0 0 0 0 0 0 0 0 0 0 0])
  ("retur" .
   [1 0 0 0 0])
  ("$tjos" .
   [1 0 0 0 0])
  ("Auth" .
   [1 0 0 0])
  ("user" .
   [1 0 0 0])
  ("useF" .
   [1 0 0 0])
  ("nil" .
   [4 0 0])
  ("filename" .
   [1 0 0 0 0 0 0 0])
  ("line" .
   [1 0 0 0])
  ("equel" .
   [1 0 0 0 0])
  ("tweet" .
   [1 0 0 0 1])
  ("url_str" .
   [3 0 0 0 0 0 0])
  ("time" .
   [1 0 0 0])
  ("unittest" .
   [2 0 0 0 0 0 0 0])
  ("_square" .
   [1 0 0 0 0 0 0])
  ("railstutorial_rails_4_0" .
   [1 0 0 0 0 0 0 0 0 0 0 0 0 0 0 0 0 0 0 0 0 0 0])))
